n = 255
d = 21
trials = 100
failures_osd = 18
p_L_osd = 0.18
p_L_osd_ci_95 = [0.11031122915326058, 0.26947708596681186]
chernoff_union = 3.349334428931389e-17
lezaud_bound = 0.995568
