p_x_low = 0.00010433700680226647
p_x_high = 0.00020846542914538403
p_z_low = 0.0003477900226742216
p_z_high = 0.0006954800117622459
n = 255
d = 5
t = 2
trials = 50000
seed = 44
p_L_bdd = 0.00012
p_L_lo = 4.4e-05
p_L_hi = 0.00026
F_e = 0.99988
F_e_lo = 0.99974
F_e_hi = 0.999956
chernoff_union = 0.0015596
gamma = 0.8
lezaud_z = 0.9873
