n = 255
d = 5
trials = 100
failures_osd = 17
p_L_osd = 0.17
p_L_osd_ci_95 = [0.10226491003552825, 0.25817541063215865]
chernoff_union = 0.0015527262754404009
lezaud_bound = 0.987331
