trials = 100
failures = 19
p_L_bdd = 0.0
p_L_osd = 0.19
p_L_lo = 0.1184431961325437
p_L_hi = 0.28069795797361247
F_e = 0.81
decoder = OSD-0
graph = Exact BCH
