p_x_low = 0.00010434971827488759
p_x_high = 0.0002086885476861866
p_z_low = 0.0003477900506325682
p_z_high = 0.0006954591433457891
n = 255
d = 21
t = 10
trials = 100
seed = 42
failures = 0
p_L_bdd = 0.0
p_L_lo = 3.469446951953614e-18
p_L_hi = 0.03699349820698568
F_e = 1.0
F_e_lo = 0.9630065017930143
F_e_hi = 1.0
chernoff_union = 3.349334428931389e-17
chernoff_q = 0.043137254901960784
pbar_x = 0.0001565191329805371
pbar_z = 0.0005216245969891786
lezaud_z = 0.837219
gamma = 0.8
eps = 0.042615630304971605
r1_empirical = 0.194
p_L_osd = 0.2
